0123
0124
0134
0234
1234
0125
0135
0235
1235
0145
0245
1245
0345
1345
2345
0126
0136
0236
1236
0146
0246
1246
0346
1346
2346
0156
0256
1256
0356
1356
2356
0456
1456
2456
3456
0127
0137
0237
1237
0147
0247
1247
0347
1347
2347
0157
0257
1257
0357
1357
2357
0457
1457
2457
3457
0167
0267
1267
0367
1367
2367
0467
1467
2467
3467
0567
1567
2567
3567
4567
0128
0138
0238
1238
0148
0248
1248
0348
1348
2348
0158
0258
1258
0358
1358
2358
0458
1458
2458
3458
0168
0268
1268
0368
1368
2368
0468
1468
2468
3468
0568
1568
2568
3568
4568
0178
0278
1278
0378
1378
2378
0478
1478
2478
3478
0578
1578
2578
3578
4578
0678
1678
2678
3678
4678
5678
0129
0139
0239
1239
0149
0249
1249
0349
1349
2349
0159
0259
1259
0359
1359
2359
0459
1459
2459
3459
0169
0269
1269
0369
1369
2369
0469
1469
2469
3469
0569
1569
2569
3569
4569
0179
0279
1279
0379
1379
2379
0479
1479
2479
3479
0579
1579
2579
3579
4579
0679
1679
2679
3679
4679
5679
0189
0289
1289
0389
1389
2389
0489
1489
2489
3489
0589
1589
2589
3589
4589
0689
1689
2689
3689
4689
5689
0789
1789
2789
3789
4789
5789
6789
